SoftwareProtocolProject/logs/transaction_2024-06-03T17:43:16.631353.txt
SoftwareProtocolProject/logs/transaction_2024-06-03T17:44:12.317555.txt
